1856079980
1517404241
235200208
362379317
3864601792
1227025448
1187193176
877599375
3044696378
3306189222
2140080310
3896124539
2534918438
447761675
1555321001
796468943
1562843383
406689431
1080219295
1830978753
4020144848
4168480785
360104719
1379171733
1151861035
1741844671
1860245652
2762524052
3861229
726308947
1942139003
3084226558
3457532863
1360086094
1730281735
2107301485
1487371657
3912459112
4131521594
2910003994
2988692362
4055834932
3616832786
1154025900
3810076992
1858642443
27404843
3728389359
1665719703
1575404580
460013266
99020376
1857449931
2100757056
1379171733
3197959973
2875357830
816102714
3048416149
4079641254
3225474934
3728389359
2988692362
2910003994
3810076992
1729647500
3096388101
460013266
73724905
3135229215
42419066
172367781
4115908530
1134279428
3773623631
304605419
712696284
888325887
154340125
658336704
2907998230
2887115870
1308384691
2756954428
2787291870
1610407452
2142737566
2507152096
99001698873543
3571704129
1119840483
888325887
3785659258
1741995259
3442255628
3784160959
990990115
731911607
2849208644
83031819
660679040
0x92b14f70
3494749720
2524333892
